676
1222
1223
1225
1227
1256
1257
1254
1269
1270
1271
1273
1274
1275
1276
1277
1278
1280
1281
1282
1283
1292
1294
1296
1297
1298
1299
1300
1304
1305
1306
1307
1308
1309
1310
1311
1312
1313
1314
1315
1316
1317
1318
1319
1320
1322
1357
1370
1372
1376
1377
1379
1380
1381
1386
1387
1388
1389
1390
1383
1384
1395
1413
1404
1428
1429
1430
1431
1438
1439
1473
1474
1475
1477
1478
1479
1691
1965
1966
1967
1968
1969
1970
1971
1973
1974
1975
1976
1977
1990
1994
1995
1996
1997
1999
2000
2001
2002
2003
8202
8507
948
1039
389
1820
8704
64
1221
162
456
8367
7898
440
170
235
7437
7616
7521
8042
178
1071
1132
1056
1197
1072
7883
7882
1772
7881
7433
7740
7500
1707
1708
1651
129
8040
1877
68
8299
8300
1021
1019
244
150
219
243
227
242
183
261
1654
8337
1169
7723
8062
7966
2034
1931
8666
230
7972
7936
1067
8125
729
88
984
1301
721
1302
8430
256
941
8049
7902
8656
302
527
152
186
7445
614
133
149
886
1062
7615
8155
262
8196
7322
1893
7531
386
1040
7878
877
8054
7928
7821
8234
8353
1821
7544
2052
7374
1548
879
658
1531
7793
830
1554
434
7840
7491
7486
7841
8432
1937
388
7534
8643
8340
1822
260
1814
498
2083
8173
1875
1184
1122
7582
7587
733
128
400
8632
8055
89
7909
8415
1946
7726
1947
1948
964
8274
1579
8718
161
237
247
681
803
971
972
432
406
445
638
1627
1630
13
203
8308
980
1836
421
7323
8177
782
631
8235
7673
8236
772
797
795
828
353
1004
1033
1074
1158
1171
1532
8110
8111
189
20
801
741
7687
1917
8621
7400
1949
8634
8552
78
7566
7503
7754
7729
864
8205
8070
232
8530
625
8352
1058
555
220
8210
834
1563
8295
1557
7461
722
1131
1860
7629
8211
833
7601
8567
1027
695
7948
8188
7549
295
1768
951
449
7329
7377
326
1664
641
311
743
436
851
7663
8273
1154
171
7472
224
309
7951
1676
1481
241
213
111
191
978
212
379
8378
8631
7693
265
7556
7955
8377
8728
2006
8323
7642
8596
264
869
52
1007
45
22
1539
7564
289
566
8773
1493
903
560
7803
194
859
315
988
51
257
992
970
98
278
942
773
526
515
245
1005
867
866
865
7651
7517
423
7981
977
1268
97
1846
7886
455
1061
7696
7533
1688
7757
825
7952
1038
7356
7759
107
534
7447
84
105
168
1107
8057
8220
845
808
7342
483
448
1167
2029
7855
1212
7885
1522
1329
1328
1980
1349
1351
1352
1353
1985
1992
1330
1331
1332
1333
1979
1334
1335
1982
1981
1993
1986
1988
1336
1987
1337
1991
1338
2005
1339
1340
1341
1342
1343
1983
1989
1344
1345
1984
1346
1347
1350
8330
7719
7360
439
484
358
8629
1727
7949
7904
652
986
7767
255
1702
8539
7703
905
8053
7507
7833
8770
461
7659
8028
2049
2053
8229
7750
8296
471
891
7927
7721
8339
7331
282
8725
446
7654
8633
512
1466
404
15
8116
8277
1226
463
956
7324
18
8119
457
702
1187
196
895
176
1000
709
1835
688
31
568
717
7818
7679
8133
1778
8547
1496
1774
12
7446
613
177
1675
975
7925
8737
28
7926
7541
508
600
246
180
813
8560
7358
609
1713
7565
8627
1962
8239
2046
1878
300
511
637
661
228
179
294
450
250
452
453
454
7843
8294
8160
599
433
7355
8218
426
862
293
238
870
65
524
1224
85
157
7986
605
240
7468
1545
8289
7824
8147
1657
82
7671
7819
8439
8285
502
1632
7425
63
570
2080
7903
8358
76
53
543
1512
2058
7959
1939
8603
7384
7496
7439
7382
7391
7390
7495
7385
7494
7493
8526
86
1738
8553
8409
8554
7362
8564
1029
8029
547
1100
1101
1102
1103
1104
1105
1106
7502
7968
7892
1544
1028
1190
7361
96
739
7820
2054
36
8087
7650
1530
537
8306
1031
1869
1068
542
1716
7579
1022
745
1189
1575
7568
249
1057
962
332
623
674
233
8317
788
8034
8192
7704
8307
644
274
823
7916
7910
7395
2041
7695
8079
1505
8613
893
8579
7827
310
320
8404
8036
2074
8164
8017
2073
8038
8091
8072
8071
7397
860
7785
7660
1515
535
1469
1218
8102
8372
7528
7346
8088
1499
7345
7467
8408
1503
1504
8410
763
181
545
510
7370
172
786
647
1127
8502
7933
1841
25
7637
7630
8214
8444
458
361
8134
2059
655
470
1077
8686
1849
2064
8172
2043
425
1126
8641
7836
606
248
7562
187
826
7635
8151
8018
7962
7934
7963
7464
2011
592
7880
192
7800
2057
373
352
7725
1656
7430
7448
7535
7656
7893
8350
8438
7555
7985
781
854
817
8701
7694
8457
824
8321
1658
7852
279
1591
8441
8338
699
2038
1149
2019
595
1188
626
7837
71
7617
8672
7743
1709
8287
1549
7596
8681
216
1866
2010
7887
8325
7732
1834
1829
1837
1529
678
680
892
1845
2037
8365
7957
875
496
8611
1909
8007
8761
8163
8044
1938
1674
7907
1683
872
692
8217
8313
8052
753
7492
7476
8219
7872
7873
1094
467
7733
490
8763
8359
779
8152
1635
8370
8362
1565
7913
7690
624
218
8310
1125
7858
7680
7681
1574
416
195
1258
1259
1507
1164
7775
478
1233
1234
1235
1236
1237
1238
1239
1240
1241
1242
1243
1244
1246
1247
1248
1249
1250
1251
1252
7762
770
6
408
945
7357
8427
8356
424
1612
468
1034
1538
708
693
38
774
634
789
627
7344
7795
272
79
8684
876
7605
682
1018
1013
996
267
1663
7474
1035
689
7739
1255
1374
1385
7470
7669
206
314
723
518
7860
21
792
8693
93
7749
1596
766
1863
8612
8203
8536
1142
500
846
1133
952
8270
8171
1547
1023
405
783
784
787
8623
696
330
798
810
802
806
800
209
804
761
943
2031
7427
7879
151
657
1535
1757
8066
8150
8095
8232
7516
8065
8447
8154
1873
32
8315
7935
8590
8022
8281
732
7979
7339
207
814
7772
7784
7781
7779
7780
1593
8401
225
670
7915
8093
8
8265
7674
735
1136
7434
7645
8182
8606
1597
7490
1881
316
8680
839
7984
2009
8329
7745
1671
1070
7911
8115
7375
7752
1754
1717
8198
8538
1
43
154
4
642
70
7853
7929
8033
8032
8113
8114
8230
8349
8586
8585
8722
8721
669
662
7594
155
8511
8394
8711
8304
7701
491
727
1599
940
1594
957
8654
1128
7590
7838
1868
7399
610
7574
1833
1901
1174
974
654
7689
69
429
7333
861
621
616
30
565
1569
1165
1824
270
993
1555
7906
8550
7737
7854
2020
7628
7977
8290
8148
8228
1710
7953
1711
8276
1172
7658
7874
8316
16
853
167
8075
7633
841
427
7328
37
1168
8449
1818
8320
8687
271
1020
754
7576
8454
593
720
459
8170
1517
8616
7914
8771
1794
7526
350
205
8162
2084
7917
1078
117
2051
1689
7473
8224
7577
1598
1191
7573
7458
1500
881
734
3
72
1756
725
7728
7744
7369
8422
7808
1559
1721
1628
1813
1588
7335
1770
1201
1175
1097
1177
1098
1742
7758
1581
1584
7634
1743
1111
1919
1808
7453
7700
7349
1483
1482
1747
1910
1640
1166
7417
7525
7422
7699
1744
7365
7705
7380
1810
1118
7610
7626
1585
1586
1637
7522
1706
7991
7359
7432
1809
1680
1636
857
1200
793
759
1700
1587
1679
1112
1178
1816
1642
1170
1119
7527
1715
7691
1631
1745
910
901
7920
2082
1480
1179
1746
1113
1114
7431
1682
7415
1811
1685
1180
1714
1767
1812
7412
1686
7451
1116
2070
1173
7638
7686
7452
1199
19
896
1015
8399
961
1573
1210
1828
1214
8620
1694
7588
7529
7465
8060
7378
7828
1795
1879
7572
1862
7497
1217
1216
1751
1176
1697
1060
7479
7578
7835
8437
8724
7350
1724
1725
1726
1109
1110
1803
1699
7649
1213
1582
7563
1182
1583
7416
1900
1215
7850
7480
7366
1198
115
1827
1121
805
7709
1181
959
7677
1805
7367
897
1678
771
7364
1692
7523
7413
966
967
7730
1698
1693
1806
7368
1798
769
1802
1800
1807
7707
7386
7648
7414
7708
7455
7661
7348
1696
1804
7363
1799
1687
1695
1629
1728
856
8396
7341
1950
8194
1762
954
7598
650
890
776
726
785
1601
160
8659
1779
7631
1705
8056
8186
8166
8607
1851
1690
7403
8169
222
7875
887
1951
760
564
435
659
1471
1956
488
1253
8241
750
8123
100
917
7506
8021
1739
7518
1819
1146
7542
8355
7388
8407
840
8675
1487
492
447
1327
8058
1786
994
8078
8039
7912
8450
7511
1141
1952
312
8595
8420
8431
1037
7945
8068
947
415
7688
253
8388
7325
401
121
8288
268
55
8609
1839
2085
944
2045
2032
62
1815
8073
7769
8278
417
7426
108
1498
482
215
716
122
562
7895
7896
8434
8136
199
513
7639
8347
1606
81
1138
266
7602
8297
816
7884
8191
1192
411
858
7901
7956
1465
1560
57
80
645
1378
7778
1423
419
1422
1424
1425
33
367
756
8180
989
7478
7543
197
39
40
285
41
130
355
24
281
119
10
9
102
280
223
384
2078
1211
1840
8379
955
8122
7731
7716
1024
7668
8333
7540
8610
8175
7790
8713
1791
7777
7973
8185
8406
8280
407
1785
190
874
7545
8709
7550
7768
8130
7547
275
460
8179
1734
301
464
1546
7530
8222
8426
8429
755
914
794
8156
7321
758
8324
8425
990
8592
1026
489
7336
523
7842
8562
1502
1497
799
1874
7722
8467
998
7383
836
1124
1701
148
747
420
765
1787
920
1052
7992
7423
7713
8584
8061
414
7394
254
946
7457
251
503
985
1876
7943
7995
8016
8206
8448
8670
8195
418
304
87
8292
740
208
999
1288
1289
1290
7398
101
497
1392
1393
1396
1397
1394
7553
880
742
1080
8587
576
7600
1955
715
701
728
444
1230
519
1440
1441
1442
1443
1444
428
8139
8146
8143
8141
8142
7890
7960
7888
7961
7844
8144
7989
290
7646
2055
612
683
8302
8131
8628
399
677
2018
8051
648
239
8129
1063
11
8344
286
299
1577
123
965
7894
8428
273
656
7554
7532
815
1069
413
8305
321
8266
8272
640
8215
904
308
437
7742
918
7539
8223
156
505
1882
8566
211
660
1789
8090
1139
1140
1748
288
83
7930
47
8551
8520
7761
174
8619
1753
530
8635
912
7641
8572
7776
7551
7794
8001
7997
8003
7805
7815
8004
7813
7802
7814
7996
7812
8009
8012
7804
8000
8010
7810
8008
7998
7807
7816
7811
7806
7801
8237
746
969
686
687
849
7347
306
296
307
226
1723
1752
1733
7923
198
850
1123
477
7983
7922
7994
8005
8013
7947
8729
8699
8715
8730
8700
8716
8165
8726
8727
8208
8514
790
791
831
8138
8221
8149
8397
632
1843
1543
1661
1826
1923
1924
1646
1001
8506
979
7485
7826
653
7711
1922
8505
1775
8354
7514
1511
7571
1595
8392
138
8207
8092
1918
7381
7753
953
1963
1566
690
991
7970
8067
1501
1648
7498
7609
7822
7823
481
900
899
7537
291
1567
1152
7919
8424
1729
1732
1740
1749
1750
1741
1735
1737
1736
1568
1143
1883
976
1006
8226
112
950
2063
958
1730
8608
2047
412
116
553
1434
1468
1508
1509
1510
522
509
8556
169
7653
1358
159
1293
493
1373
1231
552
59
120
485
1356
476
1032
1220
1964
1957
1958
1959
95
1229
276
1375
1261
1262
1263
1264
1265
501
495
982
1399
499
1514
1513
494
125
469
1435
441
719
1445
479
1403
1091
504
871
1219
1228
1516
1232
1279
1284
1285
1286
1287
1519
1291
1295
1303
1323
1325
1354
1355
1520
1521
1382
1391
1400
1401
1402
1426
1427
1433
1436
1437
1446
1447
1470
1472
475
1476
442
487
1406
91
1405
1407
1408
1409
1410
1411
1412
1414
1415
1961
1416
1417
1418
1419
1420
1960
1267
1324
1260
403
465
1421
1953
1954
618
1360
1364
1367
633
1361
1362
1363
1365
1366
1368
1369
114
398
164
193
628
34
884
1718
1916
919
7720
7786
1003
8050
7771
8676
303
679
7589
7591
1542
848
1589
1156
2017
7783
8043
767
837
7908
7900
7538
8445
8723
997
8513
520
7546
8238
995
356
7
583
1432
2013
7868
8245
514
7340
7796
8591
1712
7595
7482
1590
1099
7755
8124
7499
7484
611
847
1852
1927
7741
8024
8271
7536
2079
8002
103
981
1662
8023
7976
8689
8697
443
1137
1458
1448
528
1449
1450
1451
1452
1453
1454
1455
1456
1459
1460
1461
1462
1463
1457
7675
7870
7877
8187
1842
1673
1494
902
8081
99
7702
7734
8638
8233
7770
7404
1940
8542
8605
8710
8015
8371
297
1867
8345
2
8555
7504
1607
8509
1764
8348
2068
7643
8548
731
1553
7411
1907
8540
277
1758
1731
8688
486
698
1017
8504
7714
74
671
1755
173
8153
7867
7859
8080
8204
960
8443
163
7773
8298
7678
8466
1769
8383
1904
2030
751
8341
8646
1571
7941
7524
7672
1185
7469
643
1945
396
347
622
365
7644
636
1159
842
7581
35
473
737
7999
7899
1467
252
1008
8451
8157
7606
1847
410
1144
7683
8559
8020
827
7569
8563
7627
7809
1552
8132
7924
8671
234
298
8112
201
283
1135
7712
7993
8262
